112
236
243
358
416
417
428
432
638
895
1108
1128
1283
1448
1450
1568
1618
1631
1890
2383
2475
2594
2723
2752
2945
2989
3063
3098
3114
3135
3196
3429
3784
3898
3994
4168
4372
4578
5056
5185
5404
5407
5554
6142
6229
6288
6436
6438
6440
6530
6794
6862
7308
7402
7594
7750
7978
8173
8443
8566
8743
8942
9236
9478
9486
10030
10186
10315
10319
10326
10335
10399
10652
11161
11201
11219
11290
11295
11306
11497
11587
11779
12055
12208
12277
12545
12861
13057
13192
13405
13527
13528
13620
14108
14425
14492
14503
14504
14505
14880
14882
14897
15083
15932
16036
16100
16168
16264
16453
16612
16677
16826
17071
17082
17083
17196
17356
17419
17500
17740
17974
18158
18415
18638
19149
19160
19299
19366
19574
19811
20143
20335
20522
20725
20894
20998
21126
21574
21658
21743
21752
21824
22078
22429
22641
22707
22812
22999
23063
23343
23634
23734
24028
24355
24475
24561
25156
25165
25189
25552
25765
25912
26242
26483
26525
26526
26528
26529
26530
26531
26532
26818
26820
27485
27983
28039
28040
28042
28044
28046
28176
28354
28514
28623
28793
28945
29192
29473
29794
29877
30327
30453
30632
30698
30720
30761
30767
31521
31554
31555
31791
31800
31808
31811
32026
32037
